1.572555600000000000e+12 9.182819999999999709e+03 9.200000000000000000e+03 9.013000000000000000e+03 9.122690000000000509e+03 5.463026171999999860e+03
1.572562800000000000e+12 9.123920000000000073e+03 9.157000000000000000e+03 9.098280000000000655e+03 9.125520000000000437e+03 2.395672692000000097e+03
1.572570000000000000e+12 9.127000000000000000e+03 9.141700000000000728e+03 9.062090000000000146e+03 9.123159999999999854e+03 2.372589215999999851e+03
1.572577200000000000e+12 9.122850000000000364e+03 9.122850000000000364e+03 9.030000000000000000e+03 9.078329999999999927e+03 2.714237766000000192e+03
1.572584400000000000e+12 9.077629999999999200e+03 9.137000000000000000e+03 9.070000000000000000e+03 9.118899999999999636e+03 1.998848571999999876e+03
1.572591600000000000e+12 9.116370000000000800e+03 9.174989999999999782e+03 9.080120000000000800e+03 9.134629999999999200e+03 3.380451312000000144e+03
1.572598800000000000e+12 9.134629999999999200e+03 9.181319999999999709e+03 9.088879999999999200e+03 9.155930000000000291e+03 3.499605901999999787e+03
1.572606000000000000e+12 9.155930000000000291e+03 9.279000000000000000e+03 9.130000000000000000e+03 9.188639999999999418e+03 7.425551325999999790e+03
1.572613200000000000e+12 9.188350000000000364e+03 9.219979999999999563e+03 9.061649999999999636e+03 9.122500000000000000e+03 5.272306505999999899e+03
1.572620400000000000e+12 9.123739999999999782e+03 9.248510000000000218e+03 9.060000000000000000e+03 9.152899999999999636e+03 6.130064811000000191e+03
1.572627600000000000e+12 9.150750000000000000e+03 9.205200000000000728e+03 9.138940000000000509e+03 9.181110000000000582e+03 2.302768536999999924e+03
1.572634800000000000e+12 9.183510000000000218e+03 9.213569999999999709e+03 9.158270000000000437e+03 9.190250000000000000e+03 2.245979682000000139e+03
1.572642000000000000e+12 9.190149999999999636e+03 9.277159999999999854e+03 9.180000000000000000e+03 9.188500000000000000e+03 3.570574483999999757e+03
1.572649200000000000e+12 9.190930000000000291e+03 9.265290000000000873e+03 9.184819999999999709e+03 9.243540000000000873e+03 2.488353528999999980e+03
1.572656400000000000e+12 9.244739999999999782e+03 9.270760000000000218e+03 9.209989999999999782e+03 9.249879999999999200e+03 2.801008856999999807e+03
1.572663600000000000e+12 9.248979999999999563e+03 9.251010000000000218e+03 9.196000000000000000e+03 9.200000000000000000e+03 2.004086302000000160e+03
1.572670800000000000e+12 9.200809999999999491e+03 9.227989999999999782e+03 9.186209999999999127e+03 9.203969999999999345e+03 1.458251097000000073e+03
1.572678000000000000e+12 9.204059999999999491e+03 9.240590000000000146e+03 9.191469999999999345e+03 9.202010000000000218e+03 1.987530647000000044e+03
1.572685200000000000e+12 9.201989999999999782e+03 9.224350000000000364e+03 9.200030000000000655e+03 9.214909999999999854e+03 1.455529966999999942e+03
1.572692400000000000e+12 9.214909999999999854e+03 9.350000000000000000e+03 9.201020000000000437e+03 9.323540000000000873e+03 5.615428974000000380e+03
1.572699600000000000e+12 9.326219999999999345e+03 9.373739999999999782e+03 9.291290000000000873e+03 9.311709999999999127e+03 4.544728697000000466e+03
1.572706800000000000e+12 9.309420000000000073e+03 9.338809999999999491e+03 9.273149999999999636e+03 9.311110000000000582e+03 2.958156009999999696e+03
1.572714000000000000e+12 9.311069999999999709e+03 9.330000000000000000e+03 9.264590000000000146e+03 9.285000000000000000e+03 2.029428936000000022e+03
1.572721200000000000e+12 9.284389999999999418e+03 9.320000000000000000e+03 9.269000000000000000e+03 9.303260000000000218e+03 1.566929419999999936e+03
1.572728400000000000e+12 9.303370000000000800e+03 9.303520000000000437e+03 9.270520000000000437e+03 9.287549999999999272e+03 8.570502440000000206e+02
1.572735600000000000e+12 9.287840000000000146e+03 9.340350000000000364e+03 9.277170000000000073e+03 9.302780000000000655e+03 1.554235111999999845e+03
1.572742800000000000e+12 9.304100000000000364e+03 9.362569999999999709e+03 9.299090000000000146e+03 9.356399999999999636e+03 1.854628020000000106e+03
1.572750000000000000e+12 9.356469999999999345e+03 9.359540000000000873e+03 9.241000000000000000e+03 9.260239999999999782e+03 3.214863615999999638e+03
1.572757200000000000e+12 9.260250000000000000e+03 9.284590000000000146e+03 9.225010000000000218e+03 9.262319999999999709e+03 1.691494461000000001e+03
1.572764400000000000e+12 9.258799999999999272e+03 9.272000000000000000e+03 9.182000000000000000e+03 9.214120000000000800e+03 2.582161911000000146e+03
1.572771600000000000e+12 9.213610000000000582e+03 9.237889999999999418e+03 9.109000000000000000e+03 9.142350000000000364e+03 3.796687481999999818e+03
1.572778800000000000e+12 9.142229999999999563e+03 9.173149999999999636e+03 9.101000000000000000e+03 9.150079999999999927e+03 2.680782720000000154e+03
1.572786000000000000e+12 9.150079999999999927e+03 9.186629999999999200e+03 9.132040000000000873e+03 9.145790000000000873e+03 1.850509160000000065e+03
1.572793200000000000e+12 9.146540000000000873e+03 9.182040000000000873e+03 9.130000000000000000e+03 9.164440000000000509e+03 1.695349811999999929e+03
1.572800400000000000e+12 9.165790000000000873e+03 9.167000000000000000e+03 9.112950000000000728e+03 9.157819999999999709e+03 1.941632510999999795e+03
1.572807600000000000e+12 9.158840000000000146e+03 9.174059999999999491e+03 9.133030000000000655e+03 9.151729999999999563e+03 1.034682628999999906e+03
1.572814800000000000e+12 9.151719999999999345e+03 9.214989999999999782e+03 9.066139999999999418e+03 9.203440000000000509e+03 3.524942221000000245e+03
1.572822000000000000e+12 9.204979999999999563e+03 9.236000000000000000e+03 9.145620000000000800e+03 9.165739999999999782e+03 1.873346213000000034e+03
1.572829200000000000e+12 9.165729999999999563e+03 9.180950000000000728e+03 9.136000000000000000e+03 9.156809999999999491e+03 1.433138203999999860e+03
1.572836400000000000e+12 9.157540000000000873e+03 9.170000000000000000e+03 9.115840000000000146e+03 9.132639999999999418e+03 1.512544086999999990e+03
1.572843600000000000e+12 9.132639999999999418e+03 9.171760000000000218e+03 9.125959999999999127e+03 9.160219999999999345e+03 1.972853325999999925e+03
1.572850800000000000e+12 9.160219999999999345e+03 9.197340000000000146e+03 9.143680000000000291e+03 9.155870000000000800e+03 3.110436990999999580e+03
1.572858000000000000e+12 9.155870000000000800e+03 9.220770000000000437e+03 9.152770000000000437e+03 9.199959999999999127e+03 2.930568726999999853e+03
1.572865200000000000e+12 9.199559999999999491e+03 9.279989999999999782e+03 9.198860000000000582e+03 9.235079999999999927e+03 5.211279822000000422e+03
1.572872400000000000e+12 9.235170000000000073e+03 9.324409999999999854e+03 9.235079999999999927e+03 9.299040000000000873e+03 3.833254500999999891e+03
1.572879600000000000e+12 9.297760000000000218e+03 9.325000000000000000e+03 9.264760000000000218e+03 9.299010000000000218e+03 4.954508388000000195e+03
1.572886800000000000e+12 9.299469999999999345e+03 9.321790000000000873e+03 9.255000000000000000e+03 9.264020000000000437e+03 2.939539091999999982e+03
1.572894000000000000e+12 9.261840000000000146e+03 9.513680000000000291e+03 9.245170000000000073e+03 9.446750000000000000e+03 1.019807378100000096e+04
1.572901200000000000e+12 9.448069999999999709e+03 9.465000000000000000e+03 9.338000000000000000e+03 9.364139999999999418e+03 4.843889768999999433e+03
1.572908400000000000e+12 9.364260000000000218e+03 9.418610000000000582e+03 9.353450000000000728e+03 9.370889999999999418e+03 3.873029258999999911e+03
1.572915600000000000e+12 9.370899999999999636e+03 9.454950000000000728e+03 9.369139999999999418e+03 9.427520000000000437e+03 3.765357552999999825e+03
1.572922800000000000e+12 9.427520000000000437e+03 9.427809999999999491e+03 9.353760000000000218e+03 9.376760000000000218e+03 2.762173480000000382e+03
1.572930000000000000e+12 9.376670000000000073e+03 9.398110000000000582e+03 9.270000000000000000e+03 9.285030000000000655e+03 4.456788204999999834e+03
1.572937200000000000e+12 9.284780000000000655e+03 9.285760000000000218e+03 9.175760000000000218e+03 9.236500000000000000e+03 6.445286234000000150e+03
1.572944400000000000e+12 9.235930000000000291e+03 9.331000000000000000e+03 9.230000000000000000e+03 9.280219999999999345e+03 4.428340754000000743e+03
1.572951600000000000e+12 9.280149999999999636e+03 9.328000000000000000e+03 9.265649999999999636e+03 9.295780000000000655e+03 3.070757410000000164e+03
1.572958800000000000e+12 9.296510000000000218e+03 9.379000000000000000e+03 9.217000000000000000e+03 9.345409999999999854e+03 5.322059465999998793e+03
1.572966000000000000e+12 9.345399999999999636e+03 9.389940000000000509e+03 9.255370000000000800e+03 9.337389999999999418e+03 4.409932142999999996e+03
1.572973200000000000e+12 9.338840000000000146e+03 9.376000000000000000e+03 9.319329999999999927e+03 9.331389999999999418e+03 2.614597627000000102e+03
1.572980400000000000e+12 9.330959999999999127e+03 9.415329999999999927e+03 9.301000000000000000e+03 9.351250000000000000e+03 3.282897199999999884e+03
1.572987600000000000e+12 9.350180000000000291e+03 9.391250000000000000e+03 9.275000000000000000e+03 9.315489999999999782e+03 2.001281570999999985e+03
1.572994800000000000e+12 9.315450000000000728e+03 9.344579999999999927e+03 9.270000000000000000e+03 9.293680000000000291e+03 3.869972580000000107e+03
1.573002000000000000e+12 9.293729999999999563e+03 9.332940000000000509e+03 9.266159999999999854e+03 9.300760000000000218e+03 2.250734429000000091e+03
1.573009200000000000e+12 9.301829999999999927e+03 9.335000000000000000e+03 9.276010000000000218e+03 9.333090000000000146e+03 2.341756507999999940e+03
1.573016400000000000e+12 9.333100000000000364e+03 9.390000000000000000e+03 9.310010000000000218e+03 9.378159999999999854e+03 3.208909201000000394e+03
1.573023600000000000e+12 9.377770000000000437e+03 9.440909999999999854e+03 9.359350000000000364e+03 9.399899999999999636e+03 5.490680969999999434e+03
1.573030800000000000e+12 9.399290000000000873e+03 9.402000000000000000e+03 9.332000000000000000e+03 9.347379999999999200e+03 3.964917349000000286e+03
1.573038000000000000e+12 9.347379999999999200e+03 9.391750000000000000e+03 9.335000000000000000e+03 9.354649999999999636e+03 3.120072932000000037e+03
1.573045200000000000e+12 9.354629999999999200e+03 9.361530000000000655e+03 9.303000000000000000e+03 9.323649999999999636e+03 3.667830234000000019e+03
1.573052400000000000e+12 9.323649999999999636e+03 9.351000000000000000e+03 9.285000000000000000e+03 9.319639999999999418e+03 2.929323018000000047e+03
1.573059600000000000e+12 9.319629999999999200e+03 9.322260000000000218e+03 9.250010000000000218e+03 9.304149999999999636e+03 2.948842158999999810e+03
1.573066800000000000e+12 9.303979999999999563e+03 9.340000000000000000e+03 9.272520000000000437e+03 9.293010000000000218e+03 1.929155946999999969e+03
1.573074000000000000e+12 9.293010000000000218e+03 9.350969999999999345e+03 9.293000000000000000e+03 9.337149999999999636e+03 2.259787030000000414e+03
1.573081200000000000e+12 9.338370000000000800e+03 9.367989999999999782e+03 9.322680000000000291e+03 9.340829999999999927e+03 1.929510739000000285e+03
1.573088400000000000e+12 9.341239999999999782e+03 9.375000000000000000e+03 9.275120000000000800e+03 9.297059999999999491e+03 3.830183637999999974e+03
1.573095600000000000e+12 9.296799999999999272e+03 9.314969999999999345e+03 9.276659999999999854e+03 9.293989999999999782e+03 2.370492024000000129e+03
1.573102800000000000e+12 9.293510000000000218e+03 9.310459999999999127e+03 9.259879999999999200e+03 9.287100000000000364e+03 2.658735134999999900e+03
1.573110000000000000e+12 9.287110000000000582e+03 9.300000000000000000e+03 9.215000000000000000e+03 9.255540000000000873e+03 4.763570525000000089e+03
1.573117200000000000e+12 9.256049999999999272e+03 9.260370000000000800e+03 9.151000000000000000e+03 9.208000000000000000e+03 5.525651616000000104e+03
1.573124400000000000e+12 9.207829999999999927e+03 9.225389999999999418e+03 9.119000000000000000e+03 9.180049999999999272e+03 4.236717101000000184e+03
1.573131600000000000e+12 9.180979999999999563e+03 9.240000000000000000e+03 9.165010000000000218e+03 9.223600000000000364e+03 3.785289712000000236e+03
1.573138800000000000e+12 9.223620000000000800e+03 9.234340000000000146e+03 9.178049999999999272e+03 9.209290000000000873e+03 2.627470624999999927e+03
1.573146000000000000e+12 9.209290000000000873e+03 9.221170000000000073e+03 9.188069999999999709e+03 9.214270000000000437e+03 1.555634736999999859e+03
1.573153200000000000e+12 9.214010000000000218e+03 9.218940000000000509e+03 9.185139999999999418e+03 9.196610000000000582e+03 1.414445408000000043e+03
1.573160400000000000e+12 9.197750000000000000e+03 9.265879999999999200e+03 9.101000000000000000e+03 9.229420000000000073e+03 4.570650105999999141e+03
1.573167600000000000e+12 9.227079999999999927e+03 9.237600000000000364e+03 9.176450000000000728e+03 9.205479999999999563e+03 2.128489469000000099e+03
1.573174800000000000e+12 9.205709999999999127e+03 9.257469999999999345e+03 9.204819999999999709e+03 9.237680000000000291e+03 2.050487501000000066e+03
1.573182000000000000e+12 9.237959999999999127e+03 9.261000000000000000e+03 9.215989999999999782e+03 9.223520000000000437e+03 2.143208619999999883e+03
1.573189200000000000e+12 9.222899999999999636e+03 9.238690000000000509e+03 9.171000000000000000e+03 9.191250000000000000e+03 2.251427904000000126e+03
1.573196400000000000e+12 9.191000000000000000e+03 9.206889999999999418e+03 9.061879999999999200e+03 9.085629999999999200e+03 7.840611129000000801e+03
1.573203600000000000e+12 9.086069999999999709e+03 9.086399999999999636e+03 8.955000000000000000e+03 9.026129999999999200e+03 8.969594371999999566e+03
1.573210800000000000e+12 9.026620000000000800e+03 9.073069999999999709e+03 8.983000000000000000e+03 9.011760000000000218e+03 3.895038614999999936e+03
1.573218000000000000e+12 9.010829999999999927e+03 9.012159999999999854e+03 8.696000000000000000e+03 8.772079999999999927e+03 1.730857116900000256e+04
1.573225200000000000e+12 8.771959999999999127e+03 8.824000000000000000e+03 8.715000000000000000e+03 8.764209999999999127e+03 6.265005847999999787e+03
1.573232400000000000e+12 8.764209999999999127e+03 8.857139999999999418e+03 8.757500000000000000e+03 8.820420000000000073e+03 3.467260342999999921e+03
1.573239600000000000e+12 8.819110000000000582e+03 8.844000000000000000e+03 8.795100000000000364e+03 8.810280000000000655e+03 2.086274593999999979e+03
1.573246800000000000e+12 8.810969999999999345e+03 8.904500000000000000e+03 8.802040000000000873e+03 8.802180000000000291e+03 3.329506940000000213e+03
1.573254000000000000e+12 8.802170000000000073e+03 8.833629999999999200e+03 8.730500000000000000e+03 8.813020000000000437e+03 2.820307419000000209e+03
1.573261200000000000e+12 8.813010000000000218e+03 8.832510000000000218e+03 8.785969999999999345e+03 8.820809999999999491e+03 2.521850417999999991e+03
1.573268400000000000e+12 8.820899999999999636e+03 8.842489999999999782e+03 8.805579999999999927e+03 8.826469999999999345e+03 2.082863108999999895e+03
1.573275600000000000e+12 8.826379999999999200e+03 8.880000000000000000e+03 8.815709999999999127e+03 8.869879999999999200e+03 3.198334968000000117e+03
1.573282800000000000e+12 8.869879999999999200e+03 8.878040000000000873e+03 8.807000000000000000e+03 8.816020000000000437e+03 2.543751059000000168e+03
1.573290000000000000e+12 8.816030000000000655e+03 8.864340000000000146e+03 8.816030000000000655e+03 8.849340000000000146e+03 2.019509772999999996e+03
1.573297200000000000e+12 8.849090000000000146e+03 8.856000000000000000e+03 8.812159999999999854e+03 8.843549999999999272e+03 2.236793684999999641e+03
1.573304400000000000e+12 8.845219999999999345e+03 8.874899999999999636e+03 8.775000000000000000e+03 8.820659999999999854e+03 3.113168168999999580e+03
1.573311600000000000e+12 8.820649999999999636e+03 8.834149999999999636e+03 8.724879999999999200e+03 8.753870000000000800e+03 4.490080308999999943e+03
1.573318800000000000e+12 8.752299999999999272e+03 8.790309999999999491e+03 8.742639999999999418e+03 8.766709999999999127e+03 1.912581705999999940e+03
1.573326000000000000e+12 8.766709999999999127e+03 8.789989999999999782e+03 8.756000000000000000e+03 8.782139999999999418e+03 1.372987133999999969e+03
1.573333200000000000e+12 8.782139999999999418e+03 8.819430000000000291e+03 8.773010000000000218e+03 8.796049999999999272e+03 1.570450649999999769e+03
1.573340400000000000e+12 8.796049999999999272e+03 8.831000000000000000e+03 8.770579999999999927e+03 8.774520000000000437e+03 1.319469747999999981e+03
1.573347600000000000e+12 8.773729999999999563e+03 8.793450000000000728e+03 8.760000000000000000e+03 8.771639999999999418e+03 1.353050218000000086e+03
1.573354800000000000e+12 8.771750000000000000e+03 8.803260000000000218e+03 8.750000000000000000e+03 8.783340000000000146e+03 1.562791789999999992e+03
1.573362000000000000e+12 8.783370000000000800e+03 8.890000000000000000e+03 8.783329999999999927e+03 8.843670000000000073e+03 3.568915855000000192e+03
1.573369200000000000e+12 8.843649999999999636e+03 8.888000000000000000e+03 8.817149999999999636e+03 8.822780000000000655e+03 2.289535640999999487e+03
1.573376400000000000e+12 8.824250000000000000e+03 8.855010000000000218e+03 8.811000000000000000e+03 8.847190000000000509e+03 1.615793549999999868e+03
1.573383600000000000e+12 8.847309999999999491e+03 8.861629999999999200e+03 8.824049999999999272e+03 8.841209999999999127e+03 2.023276004000000057e+03
1.573390800000000000e+12 8.841959999999999127e+03 8.848350000000000364e+03 8.783500000000000000e+03 8.830629999999999200e+03 2.554571382000000085e+03
1.573398000000000000e+12 8.830700000000000728e+03 9.147190000000000509e+03 8.787370000000000800e+03 9.020629999999999200e+03 9.532219600000000355e+03
1.573405200000000000e+12 9.020670000000000073e+03 9.066989999999999782e+03 9.013090000000000146e+03 9.037979999999999563e+03 3.684988813999999820e+03
1.573412400000000000e+12 9.037809999999999491e+03 9.065989999999999782e+03 9.030000000000000000e+03 9.033000000000000000e+03 2.183523223000000144e+03
1.573419600000000000e+12 9.033000000000000000e+03 9.099000000000000000e+03 9.023000000000000000e+03 9.082340000000000146e+03 2.047933125000000018e+03
1.573426800000000000e+12 9.082340000000000146e+03 9.099920000000000073e+03 9.027000000000000000e+03 9.042969999999999345e+03 2.597487430000000131e+03
1.573434000000000000e+12 9.042959999999999127e+03 9.072319999999999709e+03 9.035010000000000218e+03 9.054030000000000655e+03 1.744478609000000006e+03
1.573441200000000000e+12 9.054030000000000655e+03 9.054069999999999709e+03 8.926700000000000728e+03 8.939899999999999636e+03 4.408754066999999850e+03
1.573448400000000000e+12 8.939450000000000728e+03 8.956389999999999418e+03 8.744329999999999927e+03 8.789610000000000582e+03 7.555486872999999832e+03
1.573455600000000000e+12 8.789610000000000582e+03 8.825889999999999418e+03 8.759770000000000437e+03 8.764629999999999200e+03 3.783949074999999539e+03
1.573462800000000000e+12 8.765479999999999563e+03 8.766940000000000509e+03 8.618680000000000291e+03 8.714409999999999854e+03 9.712216249999999491e+03
1.573470000000000000e+12 8.714430000000000291e+03 8.744950000000000728e+03 8.680280000000000655e+03 8.715819999999999709e+03 3.937214678999999705e+03
1.573477200000000000e+12 8.715829999999999927e+03 8.754229999999999563e+03 8.692000000000000000e+03 8.749649999999999636e+03 2.818972771000000193e+03
1.573484400000000000e+12 8.748180000000000291e+03 8.749809999999999491e+03 8.693879999999999200e+03 8.734420000000000073e+03 3.113072747000000163e+03
1.573491600000000000e+12 8.734370000000000800e+03 8.800000000000000000e+03 8.717969999999999345e+03 8.769639999999999418e+03 2.183317782000000079e+03
1.573498800000000000e+12 8.769639999999999418e+03 8.776170000000000073e+03 8.723000000000000000e+03 8.726840000000000146e+03 2.010356131999999889e+03
1.573506000000000000e+12 8.724360000000000582e+03 8.753879999999999200e+03 8.699000000000000000e+03 8.723879999999999200e+03 1.264666408999999931e+03
1.573513200000000000e+12 8.723860000000000582e+03 8.761819999999999709e+03 8.700170000000000073e+03 8.741680000000000291e+03 2.249902066000000104e+03
1.573520400000000000e+12 8.741690000000000509e+03 8.778260000000000218e+03 8.722129999999999200e+03 8.747209999999999127e+03 1.919110204999999951e+03
1.573527600000000000e+12 8.747850000000000364e+03 8.767000000000000000e+03 8.705000000000000000e+03 8.744879999999999200e+03 2.341724470999999994e+03
1.573534800000000000e+12 8.745959999999999127e+03 8.796000000000000000e+03 8.736319999999999709e+03 8.766540000000000873e+03 2.957604703999999856e+03
1.573542000000000000e+12 8.766540000000000873e+03 8.786000000000000000e+03 8.747280000000000655e+03 8.749930000000000291e+03 2.557367143999999826e+03
1.573549200000000000e+12 8.750010000000000218e+03 8.771770000000000437e+03 8.712350000000000364e+03 8.750000000000000000e+03 2.773012971999999991e+03
1.573556400000000000e+12 8.750000000000000000e+03 8.888000000000000000e+03 8.660000000000000000e+03 8.721200000000000728e+03 6.606281793000000107e+03
1.573563600000000000e+12 8.723139999999999418e+03 8.726979999999999563e+03 8.642709999999999127e+03 8.681569999999999709e+03 4.763203567999999905e+03
1.573570800000000000e+12 8.681569999999999709e+03 8.733000000000000000e+03 8.567600000000000364e+03 8.716870000000000800e+03 6.883668589000000793e+03
1.573578000000000000e+12 8.716870000000000800e+03 8.765040000000000873e+03 8.708100000000000364e+03 8.750149999999999636e+03 2.670889156000000185e+03
1.573585200000000000e+12 8.750959999999999127e+03 8.824239999999999782e+03 8.746399999999999636e+03 8.794209999999999127e+03 2.873779195999999956e+03
1.573592400000000000e+12 8.793100000000000364e+03 8.799500000000000000e+03 8.755000000000000000e+03 8.778559999999999491e+03 1.897432812000000013e+03
1.573599600000000000e+12 8.777450000000000728e+03 8.844989999999999782e+03 8.760579999999999927e+03 8.786260000000000218e+03 2.886713497000000189e+03
1.573606800000000000e+12 8.787610000000000582e+03 8.787620000000000800e+03 8.702000000000000000e+03 8.743059999999999491e+03 1.754387232000000040e+03
1.573622400000000000e+12 8.744360000000000582e+03 8.767000000000000000e+03 8.713659999999999854e+03 8.750440000000000509e+03 1.674333704000000125e+03
1.573629600000000000e+12 8.752420000000000073e+03 8.799819999999999709e+03 8.731459999999999127e+03 8.753719999999999345e+03 3.315817320000000109e+03
1.573636800000000000e+12 8.753719999999999345e+03 8.811239999999999782e+03 8.740559999999999491e+03 8.775950000000000728e+03 3.705693057999999837e+03
1.573644000000000000e+12 8.776010000000000218e+03 8.803000000000000000e+03 8.735000000000000000e+03 8.745229999999999563e+03 3.016590298000000075e+03
1.573651200000000000e+12 8.745879999999999200e+03 8.781920000000000073e+03 8.732000000000000000e+03 8.745780000000000655e+03 2.622637789000000339e+03
1.573658400000000000e+12 8.745579999999999927e+03 8.780000000000000000e+03 8.739049999999999272e+03 8.772530000000000655e+03 2.348130398999999670e+03
1.573665600000000000e+12 8.773040000000000873e+03 8.785000000000000000e+03 8.752299999999999272e+03 8.759280000000000655e+03 1.961042046999999911e+03
1.573672800000000000e+12 8.759639999999999418e+03 8.796159999999999854e+03 8.755229999999999563e+03 8.771280000000000655e+03 2.632115029999999933e+03
1.573680000000000000e+12 8.771250000000000000e+03 8.792989999999999782e+03 8.755600000000000364e+03 8.778579999999999927e+03 1.194013605999999982e+03
1.573687200000000000e+12 8.779709999999999127e+03 8.800000000000000000e+03 8.768120000000000800e+03 8.781829999999999927e+03 1.927968442999999752e+03
1.573694400000000000e+12 8.781860000000000582e+03 8.789079999999999927e+03 8.735979999999999563e+03 8.757959999999999127e+03 1.733269291000000067e+03
1.573701600000000000e+12 8.757959999999999127e+03 8.770280000000000655e+03 8.655000000000000000e+03 8.686680000000000291e+03 4.027216227999999774e+03
1.573708800000000000e+12 8.687850000000000364e+03 8.741229999999999563e+03 8.650000000000000000e+03 8.689350000000000364e+03 3.666198865999999725e+03
1.573716000000000000e+12 8.689350000000000364e+03 8.695760000000000218e+03 8.582600000000000364e+03 8.633770000000000437e+03 6.302992758999999751e+03
1.573723200000000000e+12 8.633989999999999782e+03 8.654340000000000146e+03 8.605399999999999636e+03 8.627600000000000364e+03 2.874267796999999973e+03
1.573730400000000000e+12 8.629680000000000291e+03 8.639280000000000655e+03 8.595540000000000873e+03 8.629659999999999854e+03 2.479807836999999836e+03
1.573737600000000000e+12 8.629309999999999491e+03 8.706170000000000073e+03 8.624739999999999782e+03 8.638389999999999418e+03 4.267097880000000259e+03
1.573744800000000000e+12 8.638379999999999200e+03 8.668000000000000000e+03 8.618709999999999127e+03 8.665409999999999854e+03 2.331049141000000418e+03
1.573752000000000000e+12 8.665579999999999927e+03 8.670000000000000000e+03 8.630670000000000073e+03 8.650350000000000364e+03 1.500689850000000206e+03
1.573759200000000000e+12 8.650350000000000364e+03 8.674069999999999709e+03 8.639010000000000218e+03 8.659329999999999927e+03 1.475735646999999972e+03
1.573766400000000000e+12 8.659139999999999418e+03 8.684979999999999563e+03 8.653000000000000000e+03 8.668729999999999563e+03 1.152294484000000011e+03
1.573773600000000000e+12 8.669870000000000800e+03 8.671329999999999927e+03 8.594350000000000364e+03 8.603420000000000073e+03 2.450748561999999765e+03
1.573780800000000000e+12 8.603299999999999272e+03 8.627000000000000000e+03 8.517000000000000000e+03 8.559389999999999418e+03 5.290983721000000514e+03
1.573788000000000000e+12 8.558770000000000437e+03 8.574000000000000000e+03 8.531610000000000582e+03 8.560450000000000728e+03 2.050868475999999646e+03
1.573795200000000000e+12 8.560469999999999345e+03 8.610969999999999345e+03 8.551889999999999418e+03 8.577000000000000000e+03 2.870913633000000118e+03
1.573802400000000000e+12 8.577000000000000000e+03 8.790000000000000000e+03 8.562940000000000509e+03 8.710299999999999272e+03 5.646314409000000524e+03
1.573809600000000000e+12 8.710329999999999927e+03 8.712030000000000655e+03 8.590000000000000000e+03 8.646010000000000218e+03 5.710673665000000256e+03
1.573816800000000000e+12 8.646010000000000218e+03 8.689000000000000000e+03 8.626620000000000800e+03 8.675670000000000073e+03 2.821229319999999916e+03
1.573824000000000000e+12 8.674969999999999345e+03 8.677440000000000509e+03 8.400000000000000000e+03 8.486840000000000146e+03 1.022784446399999979e+04
1.573831200000000000e+12 8.486959999999999127e+03 8.491770000000000437e+03 8.430829999999999927e+03 8.477030000000000655e+03 3.830696127000000160e+03
1.573838400000000000e+12 8.477010000000000218e+03 8.498069999999999709e+03 8.455819999999999709e+03 8.474040000000000873e+03 1.948588338000000022e+03
1.573845600000000000e+12 8.474079999999999927e+03 8.498530000000000655e+03 8.454000000000000000e+03 8.469229999999999563e+03 1.459010185000000092e+03
1.573852800000000000e+12 8.469989999999999782e+03 8.532739999999999782e+03 8.461120000000000800e+03 8.500309999999999491e+03 1.549273353000000043e+03
1.573860000000000000e+12 8.500350000000000364e+03 8.501510000000000218e+03 8.400000000000000000e+03 8.467170000000000073e+03 2.783195744000000104e+03
1.573867200000000000e+12 8.468010000000000218e+03 8.490000000000000000e+03 8.435180000000000291e+03 8.459299999999999272e+03 1.548299795999999787e+03
1.573874400000000000e+12 8.459299999999999272e+03 8.477659999999999854e+03 8.441639999999999418e+03 8.464819999999999709e+03 1.269042851000000155e+03
1.573881600000000000e+12 8.465409999999999854e+03 8.508530000000000655e+03 8.453829999999999927e+03 8.484459999999999127e+03 1.561684780999999930e+03
1.573888800000000000e+12 8.484229999999999563e+03 8.502000000000000000e+03 8.466000000000000000e+03 8.482889999999999418e+03 1.574582945999999993e+03
1.573896000000000000e+12 8.482889999999999418e+03 8.543000000000000000e+03 8.452229999999999563e+03 8.463309999999999491e+03 3.756713056000000051e+03
1.573903200000000000e+12 8.463239999999999782e+03 8.489989999999999782e+03 8.455069999999999709e+03 8.472260000000000218e+03 2.007874297000000070e+03
1.573910400000000000e+12 8.472260000000000218e+03 8.526239999999999782e+03 8.455860000000000582e+03 8.489000000000000000e+03 2.799067334000000301e+03
1.573917600000000000e+12 8.489000000000000000e+03 8.502950000000000728e+03 8.472379999999999200e+03 8.479420000000000073e+03 1.471749567999999954e+03
1.573924800000000000e+12 8.479420000000000073e+03 8.488110000000000582e+03 8.470780000000000655e+03 8.482350000000000364e+03 8.215476139999999532e+02
1.573932000000000000e+12 8.482659999999999854e+03 8.482690000000000509e+03 8.453600000000000364e+03 8.468569999999999709e+03 7.237213470000000370e+02
1.573939200000000000e+12 8.468549999999999272e+03 8.492489999999999782e+03 8.466000000000000000e+03 8.474379999999999200e+03 1.049739828000000216e+03
1.573946400000000000e+12 8.474020000000000437e+03 8.519530000000000655e+03 8.471610000000000582e+03 8.493090000000000146e+03 1.770776926000000003e+03
1.573953600000000000e+12 8.493469999999999345e+03 8.499969999999999345e+03 8.472610000000000582e+03 8.478200000000000728e+03 1.029439605000000029e+03
1.573960800000000000e+12 8.477930000000000291e+03 8.485399999999999636e+03 8.463639999999999418e+03 8.477559999999999491e+03 8.306878270000000839e+02
1.573968000000000000e+12 8.477549999999999272e+03 8.491510000000000218e+03 8.462459999999999127e+03 8.472030000000000655e+03 8.393484189999999217e+02
1.573975200000000000e+12 8.472069999999999709e+03 8.591829999999999927e+03 8.350680000000000291e+03 8.525459999999999127e+03 7.510266939999999522e+03
1.573982400000000000e+12 8.525739999999999782e+03 8.547620000000000800e+03 8.504000000000000000e+03 8.536750000000000000e+03 2.236429530000000341e+03
1.573989600000000000e+12 8.538010000000000218e+03 8.574370000000000800e+03 8.520000000000000000e+03 8.545790000000000873e+03 2.232957244000000173e+03
1.573996800000000000e+12 8.545829999999999927e+03 8.557709999999999127e+03 8.511260000000000218e+03 8.537520000000000437e+03 1.963123938000000180e+03
1.574004000000000000e+12 8.537360000000000582e+03 8.551450000000000728e+03 8.521799999999999272e+03 8.550219999999999345e+03 1.504166605000000118e+03
1.574011200000000000e+12 8.550100000000000364e+03 8.557489999999999782e+03 8.530399999999999636e+03 8.538430000000000291e+03 1.193827060999999958e+03
1.574018400000000000e+12 8.538430000000000291e+03 8.635000000000000000e+03 8.519000000000000000e+03 8.540319999999999709e+03 3.921637894000000415e+03
1.574025600000000000e+12 8.539889999999999418e+03 8.559520000000000437e+03 8.519000000000000000e+03 8.519709999999999127e+03 1.052775168000000122e+03
1.574032800000000000e+12 8.519690000000000509e+03 8.520290000000000873e+03 8.455549999999999272e+03 8.487620000000000800e+03 2.567509118999999828e+03
1.574040000000000000e+12 8.487629999999999200e+03 8.498329999999999927e+03 8.415000000000000000e+03 8.438579999999999927e+03 1.862771259999999756e+03
1.574047200000000000e+12 8.439860000000000582e+03 8.492000000000000000e+03 8.430690000000000509e+03 8.464930000000000291e+03 1.497786591000000044e+03
1.574054400000000000e+12 8.464940000000000509e+03 8.492000000000000000e+03 8.432139999999999418e+03 8.455010000000000218e+03 1.682976398999999674e+03
1.574061600000000000e+12 8.455319999999999709e+03 8.499000000000000000e+03 8.423440000000000509e+03 8.468760000000000218e+03 2.790266566000000239e+03
1.574068800000000000e+12 8.468969999999999345e+03 8.480479999999999563e+03 8.445110000000000582e+03 8.447329999999999927e+03 1.959874886999999944e+03
1.574076000000000000e+12 8.447319999999999709e+03 8.456270000000000437e+03 8.370450000000000728e+03 8.429459999999999127e+03 4.246049799000000348e+03
1.574083200000000000e+12 8.429489999999999782e+03 8.465479999999999563e+03 8.420159999999999854e+03 8.439670000000000073e+03 2.990832623000000240e+03
1.574090400000000000e+12 8.439479999999999563e+03 8.444440000000000509e+03 8.372540000000000873e+03 8.386500000000000000e+03 3.819874314000000140e+03
1.574097600000000000e+12 8.386840000000000146e+03 8.394489999999999782e+03 8.060000000000000000e+03 8.193209999999999127e+03 1.430188492200000110e+04
1.574104800000000000e+12 8.193569999999999709e+03 8.248000000000000000e+03 8.169029999999999745e+03 8.208729999999999563e+03 4.120300570999999763e+03
1.574112000000000000e+12 8.208690000000000509e+03 8.246000000000000000e+03 8.191380000000000109e+03 8.212889999999999418e+03 1.931989794999999958e+03
1.574119200000000000e+12 8.212620000000000800e+03 8.218629999999999200e+03 8.174069999999999709e+03 8.186760000000000218e+03 1.705947519000000057e+03
1.574126400000000000e+12 8.186760000000000218e+03 8.210000000000000000e+03 8.184600000000000364e+03 8.188609999999999673e+03 1.707447235000000092e+03
1.574133600000000000e+12 8.188600000000000364e+03 8.189720000000000255e+03 8.103989999999999782e+03 8.160010000000000218e+03 3.410800168000000667e+03
1.574140800000000000e+12 8.160100000000000364e+03 8.170000000000000000e+03 8.119350000000000364e+03 8.139500000000000000e+03 3.592449934000000212e+03
1.574148000000000000e+12 8.138750000000000000e+03 8.179720000000000255e+03 8.092500000000000000e+03 8.155359999999999673e+03 5.298088649000000260e+03
1.574155200000000000e+12 8.155949999999999818e+03 8.161890000000000327e+03 8.077000000000000000e+03 8.084390000000000327e+03 3.452430449999999837e+03
1.574162400000000000e+12 8.084390000000000327e+03 8.117000000000000000e+03 8.003000000000000000e+03 8.044119999999999891e+03 9.446933646000001318e+03
1.574169600000000000e+12 8.043439999999999600e+03 8.123340000000000146e+03 8.024939999999999600e+03 8.084270000000000437e+03 4.891605757999999696e+03
1.574176800000000000e+12 8.084270000000000437e+03 8.156470000000000255e+03 8.060710000000000036e+03 8.066359999999999673e+03 4.196764033999999810e+03
1.574184000000000000e+12 8.066329999999999927e+03 8.122420000000000073e+03 8.049029999999999745e+03 8.117180000000000291e+03 2.142928773000000092e+03
1.574191200000000000e+12 8.117170000000000073e+03 8.124819999999999709e+03 8.077609999999999673e+03 8.103789999999999964e+03 1.652183019999999942e+03
1.574198400000000000e+12 8.102920000000000073e+03 8.165020000000000437e+03 8.100050000000000182e+03 8.128619999999999891e+03 2.056410165000000234e+03
1.574205600000000000e+12 8.129630000000000109e+03 8.147470000000000255e+03 8.095000000000000000e+03 8.145479999999999563e+03 1.810447519000000057e+03
1.574212800000000000e+12 8.144909999999999854e+03 8.158359999999999673e+03 8.123149999999999636e+03 8.129319999999999709e+03 1.980019633999999996e+03
1.574220000000000000e+12 8.128710000000000036e+03 8.148159999999999854e+03 8.078899999999999636e+03 8.092100000000000364e+03 2.318119063000000097e+03
1.574227200000000000e+12 8.092479999999999563e+03 8.141619999999999891e+03 8.083899999999999636e+03 8.135000000000000000e+03 1.926769964999999956e+03
1.574234400000000000e+12 8.135010000000000218e+03 8.135170000000000073e+03 8.071000000000000000e+03 8.080229999999999563e+03 2.798482269000000088e+03
1.574241600000000000e+12 8.080229999999999563e+03 8.091000000000000000e+03 8.038399999999999636e+03 8.079979999999999563e+03 3.692807205000000067e+03
1.574248800000000000e+12 8.080010000000000218e+03 8.109840000000000146e+03 8.063020000000000437e+03 8.086989999999999782e+03 2.779783337999999731e+03
1.574256000000000000e+12 8.086989999999999782e+03 8.160000000000000000e+03 8.075180000000000291e+03 8.123819999999999709e+03 3.530295748999999887e+03
1.574263200000000000e+12 8.123819999999999709e+03 8.145000000000000000e+03 8.100829999999999927e+03 8.140039999999999964e+03 2.231904395999999906e+03
1.574270400000000000e+12 8.140029999999999745e+03 8.264290000000000873e+03 8.078010000000000218e+03 8.080050000000000182e+03 5.921645712000000458e+03
1.574277600000000000e+12 8.080050000000000182e+03 8.107500000000000000e+03 8.066000000000000000e+03 8.090590000000000146e+03 2.004160646999999699e+03
1.574284800000000000e+12 8.090489999999999782e+03 8.116000000000000000e+03 8.076539999999999964e+03 8.091460000000000036e+03 1.434600891999999931e+03
1.574292000000000000e+12 8.090000000000000000e+03 8.106399999999999636e+03 8.077000000000000000e+03 8.099590000000000146e+03 1.283639987999999903e+03
1.574299200000000000e+12 8.099579999999999927e+03 8.131029999999999745e+03 8.093890000000000327e+03 8.108800000000000182e+03 1.686066523999999845e+03
1.574306400000000000e+12 8.107979999999999563e+03 8.134729999999999563e+03 8.096619999999999891e+03 8.116289999999999964e+03 1.554413931000000048e+03
1.574313600000000000e+12 8.116109999999999673e+03 8.126000000000000000e+03 8.077000000000000000e+03 8.077470000000000255e+03 1.835411207000000104e+03
1.574320800000000000e+12 8.077090000000000146e+03 8.104000000000000000e+03 7.910000000000000000e+03 7.935979999999999563e+03 8.105912137999999686e+03
1.574328000000000000e+12 7.935270000000000437e+03 7.960279999999999745e+03 7.855000000000000000e+03 7.871960000000000036e+03 6.175062057999999524e+03
1.574335200000000000e+12 7.870340000000000146e+03 7.920000000000000000e+03 7.840810000000000400e+03 7.888449999999999818e+03 5.560089516000000003e+03
1.574342400000000000e+12 7.888000000000000000e+03 7.902760000000000218e+03 7.500000000000000000e+03 7.570699999999999818e+03 1.254706313999999838e+04
1.574349600000000000e+12 7.569510000000000218e+03 7.695180000000000291e+03 7.567439999999999600e+03 7.598189999999999600e+03 1.022989258999999947e+04
1.574356800000000000e+12 7.597680000000000291e+03 7.606850000000000364e+03 7.526449999999999818e+03 7.603399999999999636e+03 4.065864000000000487e+03
1.574364000000000000e+12 7.603729999999999563e+03 7.660000000000000000e+03 7.566000000000000000e+03 7.599680000000000291e+03 3.491149343999999928e+03
1.574371200000000000e+12 7.600159999999999854e+03 7.640260000000000218e+03 7.593050000000000182e+03 7.624979999999999563e+03 1.733565096000000040e+03
1.574378400000000000e+12 7.624869999999999891e+03 7.692180000000000291e+03 7.601260000000000218e+03 7.679539999999999964e+03 2.950473283999999694e+03
1.574385600000000000e+12 7.678960000000000036e+03 7.679710000000000036e+03 7.623590000000000146e+03 7.630960000000000036e+03 2.807731896999999663e+03
1.574392800000000000e+12 7.630470000000000255e+03 7.632029999999999745e+03 7.588000000000000000e+03 7.602789999999999964e+03 3.076690830999999889e+03
1.574400000000000000e+12 7.602069999999999709e+03 7.605930000000000291e+03 7.401000000000000000e+03 7.475800000000000182e+03 1.022224932099999933e+04
1.574407200000000000e+12 7.476479999999999563e+03 7.750000000000000000e+03 7.361239999999999782e+03 7.434479999999999563e+03 1.318888600799999949e+04
1.574414400000000000e+12 7.433069999999999709e+03 7.492000000000000000e+03 6.940000000000000000e+03 7.143680000000000291e+03 2.514120180499999697e+04
1.574421600000000000e+12 7.145170000000000073e+03 7.184010000000000218e+03 7.060000000000000000e+03 7.095949999999999818e+03 1.033732811000000038e+04
1.574428800000000000e+12 7.094600000000000364e+03 7.148000000000000000e+03 6.790000000000000000e+03 7.089420000000000073e+03 2.077897250400000121e+04
1.574436000000000000e+12 7.089930000000000291e+03 7.220000000000000000e+03 7.040000000000000000e+03 7.143020000000000437e+03 1.351058362699999998e+04
1.574443200000000000e+12 7.143170000000000073e+03 7.350000000000000000e+03 7.124989999999999782e+03 7.338680000000000291e+03 7.846133134000000609e+03
1.574450400000000000e+12 7.339199999999999818e+03 7.378250000000000000e+03 7.200000000000000000e+03 7.321789999999999964e+03 1.137439468699999998e+04
1.574457600000000000e+12 7.321789999999999964e+03 7.344579999999999927e+03 7.156359999999999673e+03 7.233100000000000364e+03 4.983603755000000092e+03
1.574464800000000000e+12 7.233100000000000364e+03 7.297750000000000000e+03 7.143000000000000000e+03 7.198569999999999709e+03 4.137506043999999747e+03
1.574472000000000000e+12 7.198430000000000291e+03 7.277489999999999782e+03 7.180000000000000000e+03 7.243500000000000000e+03 2.330705455999999685e+03
1.574479200000000000e+12 7.243500000000000000e+03 7.300689999999999600e+03 7.202000000000000000e+03 7.205989999999999782e+03 2.938169474999999693e+03
1.574486400000000000e+12 7.206399999999999636e+03 7.235399999999999636e+03 7.170289999999999964e+03 7.213340000000000146e+03 3.285117059999999583e+03
1.574493600000000000e+12 7.213340000000000146e+03 7.213340000000000146e+03 7.083000000000000000e+03 7.090810000000000400e+03 5.649346230000000105e+03
1.574500800000000000e+12 7.087930000000000291e+03 7.201989999999999782e+03 7.080010000000000218e+03 7.194340000000000146e+03 4.961650674000000436e+03
1.574508000000000000e+12 7.194229999999999563e+03 7.215000000000000000e+03 7.139750000000000000e+03 7.160189999999999600e+03 4.288605970000000525e+03
1.574515200000000000e+12 7.160579999999999927e+03 7.298000000000000000e+03 7.150550000000000182e+03 7.252029999999999745e+03 6.817017324000000372e+03
1.574522400000000000e+12 7.252149999999999636e+03 7.344479999999999563e+03 7.230649999999999636e+03 7.264909999999999854e+03 7.649612439999999879e+03
1.574529600000000000e+12 7.262479999999999563e+03 7.334859999999999673e+03 7.258579999999999927e+03 7.308449999999999818e+03 2.904673303000000033e+03
1.574536800000000000e+12 7.308779999999999745e+03 7.323689999999999600e+03 7.240000000000000000e+03 7.247829999999999927e+03 3.381980189000000337e+03
1.574544000000000000e+12 7.248060000000000400e+03 7.326000000000000000e+03 7.237779999999999745e+03 7.304579999999999927e+03 2.214792007999999896e+03
1.574551200000000000e+12 7.304579999999999927e+03 7.330390000000000327e+03 7.222000000000000000e+03 7.260279999999999745e+03 3.701551374000000123e+03
1.574558400000000000e+12 7.260060000000000400e+03 7.275000000000000000e+03 7.196000000000000000e+03 7.197449999999999818e+03 2.130670739000000140e+03
1.574565600000000000e+12 7.196010000000000218e+03 7.224630000000000109e+03 7.152829999999999927e+03 7.174500000000000000e+03 3.204279579000000012e+03
1.574572800000000000e+12 7.174350000000000364e+03 7.231560000000000400e+03 7.150000000000000000e+03 7.209000000000000000e+03 3.450518035000000054e+03
1.574580000000000000e+12 7.209050000000000182e+03 7.226750000000000000e+03 7.172560000000000400e+03 7.178069999999999709e+03 2.996991737999999714e+03
1.574587200000000000e+12 7.178029999999999745e+03 7.271729999999999563e+03 7.100000000000000000e+03 7.220140000000000327e+03 8.247665105000000040e+03
1.574594400000000000e+12 7.219279999999999745e+03 7.222090000000000146e+03 7.125000000000000000e+03 7.167760000000000218e+03 5.272196660000000520e+03
1.574601600000000000e+12 7.167930000000000291e+03 7.173949999999999818e+03 6.969899999999999636e+03 7.061250000000000000e+03 7.972875976999999693e+03
1.574608800000000000e+12 7.063239999999999782e+03 7.074430000000000291e+03 6.912000000000000000e+03 7.048350000000000364e+03 1.259374020799999926e+04
1.574616000000000000e+12 7.048350000000000364e+03 7.113000000000000000e+03 7.032310000000000400e+03 7.062729999999999563e+03 6.838220051999999669e+03
1.574623200000000000e+12 7.063050000000000182e+03 7.087000000000000000e+03 6.984000000000000000e+03 7.049890000000000327e+03 5.216838717999999972e+03
1.574630400000000000e+12 7.048850000000000364e+03 7.067100000000000364e+03 6.964279999999999745e+03 6.988510000000000218e+03 3.095187881999999718e+03
1.574637600000000000e+12 6.987000000000000000e+03 6.987000000000000000e+03 6.805590000000000146e+03 6.885250000000000000e+03 1.195895933800000057e+04
1.574644800000000000e+12 6.882880000000000109e+03 6.885050000000000182e+03 6.552000000000000000e+03 6.594119999999999891e+03 1.556548622999999861e+04
1.574659200000000000e+12 6.591180000000000291e+03 6.694539999999999964e+03 6.515000000000000000e+03 6.692789999999999964e+03 1.313642322399999830e+04
1.574666400000000000e+12 6.690010000000000218e+03 6.752500000000000000e+03 6.632979999999999563e+03 6.741079999999999927e+03 8.005492404000000533e+03
1.574673600000000000e+12 6.740189999999999600e+03 6.988000000000000000e+03 6.709189999999999600e+03 6.866329999999999927e+03 1.184971947899999941e+04
1.574680800000000000e+12 6.867939999999999600e+03 7.285000000000000000e+03 6.823989999999999782e+03 7.243000000000000000e+03 2.189186571900000126e+04
1.574688000000000000e+12 7.243000000000000000e+03 7.255420000000000073e+03 7.090460000000000036e+03 7.204489999999999782e+03 1.399160751399999936e+04
1.574695200000000000e+12 7.204829999999999927e+03 7.377689999999999600e+03 7.147340000000000146e+03 7.162109999999999673e+03 1.338078791999999885e+04
1.574702400000000000e+12 7.162109999999999673e+03 7.273489999999999782e+03 7.156329999999999927e+03 7.228899999999999636e+03 4.330820095999999467e+03
1.574709600000000000e+12 7.228840000000000146e+03 7.244000000000000000e+03 7.119000000000000000e+03 7.146189999999999600e+03 4.727389815000000453e+03
1.574716800000000000e+12 7.145100000000000364e+03 7.235020000000000437e+03 7.122710000000000036e+03 7.157449999999999818e+03 3.425775475000000370e+03
1.574724000000000000e+12 7.157449999999999818e+03 7.167279999999999745e+03 7.051000000000000000e+03 7.126399999999999636e+03 4.999528850000000602e+03
1.574731200000000000e+12 7.125569999999999709e+03 7.189430000000000291e+03 7.117300000000000182e+03 7.147359999999999673e+03 3.491277643000000353e+03
1.574738400000000000e+12 7.147079999999999927e+03 7.246000000000000000e+03 7.142859999999999673e+03 7.203279999999999745e+03 4.596911030000000210e+03
1.574745600000000000e+12 7.201390000000000327e+03 7.340000000000000000e+03 7.152449999999999818e+03 7.186010000000000218e+03 9.377082645999998931e+03
1.574752800000000000e+12 7.186689999999999600e+03 7.270000000000000000e+03 7.126000000000000000e+03 7.163409999999999854e+03 7.064363567000000330e+03
1.574760000000000000e+12 7.163409999999999854e+03 7.192560000000000400e+03 7.070000000000000000e+03 7.072779999999999745e+03 4.985431448999999702e+03
1.574767200000000000e+12 7.078529999999999745e+03 7.220000000000000000e+03 7.021640000000000327e+03 7.063829999999999927e+03 8.855608478999998624e+03
1.574774400000000000e+12 7.063829999999999927e+03 7.107899999999999636e+03 7.017479999999999563e+03 7.069239999999999782e+03 6.321718498000000181e+03
1.574781600000000000e+12 7.067630000000000109e+03 7.149250000000000000e+03 7.056390000000000327e+03 7.075260000000000218e+03 6.076000334000000294e+03
1.574788800000000000e+12 7.076199999999999818e+03 7.098819999999999709e+03 7.030939999999999600e+03 7.087909999999999854e+03 3.727976638000000094e+03
1.574796000000000000e+12 7.087920000000000073e+03 7.158000000000000000e+03 7.064000000000000000e+03 7.123979999999999563e+03 3.479560473000000002e+03
1.574803200000000000e+12 7.124460000000000036e+03 7.158000000000000000e+03 7.075000000000000000e+03 7.127989999999999782e+03 2.607152238000000125e+03
1.574810400000000000e+12 7.126859999999999673e+03 7.178710000000000036e+03 7.118939999999999600e+03 7.143439999999999600e+03 3.345436791999999969e+03
1.574817600000000000e+12 7.144109999999999673e+03 7.159989999999999782e+03 7.085630000000000109e+03 7.097060000000000400e+03 2.389084816999999930e+03
1.574824800000000000e+12 7.097699999999999818e+03 7.114659999999999854e+03 7.034000000000000000e+03 7.055689999999999600e+03 4.516249801999999363e+03
1.574832000000000000e+12 7.055689999999999600e+03 7.120600000000000364e+03 7.040000000000000000e+03 7.084750000000000000e+03 3.251987256999999772e+03
1.574839200000000000e+12 7.084750000000000000e+03 7.094989999999999782e+03 6.880000000000000000e+03 6.924689999999999600e+03 7.355835144000000582e+03
1.574846400000000000e+12 6.923619999999999891e+03 6.937000000000000000e+03 6.840000000000000000e+03 6.932680000000000291e+03 9.560647464000001492e+03
1.574853600000000000e+12 6.932270000000000437e+03 7.366000000000000000e+03 6.927859999999999673e+03 7.261109999999999673e+03 1.744104452099999980e+04
1.574860800000000000e+12 7.261560000000000400e+03 7.277430000000000291e+03 7.175000000000000000e+03 7.239380000000000109e+03 5.500632152999999562e+03
1.574868000000000000e+12 7.241210000000000036e+03 7.600000000000000000e+03 7.210090000000000146e+03 7.600000000000000000e+03 1.639377956799999811e+04
1.574875200000000000e+12 7.600000000000000000e+03 7.654329999999999927e+03 7.491420000000000073e+03 7.568140000000000327e+03 1.278287849099999949e+04
1.574882400000000000e+12 7.569000000000000000e+03 7.655000000000000000e+03 7.515000000000000000e+03 7.515000000000000000e+03 6.443068305999999211e+03
1.574889600000000000e+12 7.515000000000000000e+03 7.594859999999999673e+03 7.475000000000000000e+03 7.511180000000000291e+03 4.303145429000000149e+03
1.574896800000000000e+12 7.511149999999999636e+03 7.569189999999999600e+03 7.485560000000000400e+03 7.527510000000000218e+03 3.224958711000000221e+03
1.574904000000000000e+12 7.528720000000000255e+03 7.531989999999999782e+03 7.462050000000000182e+03 7.517689999999999600e+03 2.959586707999999817e+03
1.574911200000000000e+12 7.515619999999999891e+03 7.525000000000000000e+03 7.458880000000000109e+03 7.464090000000000146e+03 2.859922673000000032e+03
1.574918400000000000e+12 7.462979999999999563e+03 7.534909999999999854e+03 7.414020000000000437e+03 7.532000000000000000e+03 5.390028349000000162e+03
1.574925600000000000e+12 7.532000000000000000e+03 7.544649999999999636e+03 7.453239999999999782e+03 7.471649999999999636e+03 4.448172441000000617e+03
1.574932800000000000e+12 7.471649999999999636e+03 7.541270000000000437e+03 7.439409999999999854e+03 7.467100000000000364e+03 5.215819738000000143e+03
1.574940000000000000e+12 7.466600000000000364e+03 7.490890000000000327e+03 7.418000000000000000e+03 7.451000000000000000e+03 4.567293142999999873e+03
1.574947200000000000e+12 7.451369999999999891e+03 7.579000000000000000e+03 7.439989999999999782e+03 7.574520000000000437e+03 5.012338304000000790e+03
1.574954400000000000e+12 7.574529999999999745e+03 7.640489999999999782e+03 7.526020000000000437e+03 7.587210000000000036e+03 9.572142846999999165e+03
1.574961600000000000e+12 7.586319999999999709e+03 7.624970000000000255e+03 7.561550000000000182e+03 7.597520000000000437e+03 3.770416633999999704e+03
1.574968800000000000e+12 7.595989999999999782e+03 7.643000000000000000e+03 7.544529999999999745e+03 7.566220000000000255e+03 3.276756816000000072e+03
1.574976000000000000e+12 7.567590000000000146e+03 7.574369999999999891e+03 7.360000000000000000e+03 7.422350000000000364e+03 5.678308356999999887e+03
1.574983200000000000e+12 7.420649999999999636e+03 7.485970000000000255e+03 7.362300000000000182e+03 7.464090000000000146e+03 4.834341132999999900e+03
1.574990400000000000e+12 7.463579999999999927e+03 7.477810000000000400e+03 7.430000000000000000e+03 7.476680000000000291e+03 2.114748937000000296e+03
1.574997600000000000e+12 7.476699999999999818e+03 7.517539999999999964e+03 7.461810000000000400e+03 7.469729999999999563e+03 2.874551954000000023e+03
1.575004800000000000e+12 7.469399999999999636e+03 7.492409999999999854e+03 7.440000000000000000e+03 7.474729999999999563e+03 2.301618995000000268e+03
1.575012000000000000e+12 7.476680000000000291e+03 7.544000000000000000e+03 7.460020000000000437e+03 7.543930000000000291e+03 4.050532228999999461e+03
1.575019200000000000e+12 7.542510000000000218e+03 7.600000000000000000e+03 7.515500000000000000e+03 7.526520000000000437e+03 6.397100308999999470e+03
1.575026400000000000e+12 7.525260000000000218e+03 7.644439999999999600e+03 7.413000000000000000e+03 7.594659999999999854e+03 1.054533785100000023e+04
1.575033600000000000e+12 7.594600000000000364e+03 7.800000000000000000e+03 7.581020000000000437e+03 7.742920000000000073e+03 1.305915692700000000e+04
1.575040800000000000e+12 7.741939999999999600e+03 7.850000000000000000e+03 7.712000000000000000e+03 7.735000000000000000e+03 7.448146434999999656e+03
1.575048000000000000e+12 7.735289999999999964e+03 7.760000000000000000e+03 7.675000000000000000e+03 7.718310000000000400e+03 3.528090998999999556e+03
1.575055200000000000e+12 7.719399999999999636e+03 7.767949999999999818e+03 7.697699999999999818e+03 7.719970000000000255e+03 2.340638343000000077e+03
1.575062400000000000e+12 7.720409999999999854e+03 7.730090000000000146e+03 7.664000000000000000e+03 7.718739999999999782e+03 1.967180751999999757e+03
1.575069600000000000e+12 7.716520000000000437e+03 7.770000000000000000e+03 7.715000000000000000e+03 7.760609999999999673e+03 2.414268454000000020e+03
1.575076800000000000e+12 7.760000000000000000e+03 7.767880000000000109e+03 7.715720000000000255e+03 7.725420000000000073e+03 2.152468466000000262e+03
1.575084000000000000e+12 7.725760000000000218e+03 7.742520000000000437e+03 7.714739999999999782e+03 7.734979999999999563e+03 3.133640186999999969e+03
1.575091200000000000e+12 7.735130000000000109e+03 7.763819999999999709e+03 7.722000000000000000e+03 7.733920000000000073e+03 2.368470323999999891e+03
1.575098400000000000e+12 7.733579999999999927e+03 7.758180000000000291e+03 7.721000000000000000e+03 7.732079999999999927e+03 2.777055456999999933e+03
1.575105600000000000e+12 7.732060000000000400e+03 7.810000000000000000e+03 7.628439999999999600e+03 7.686359999999999673e+03 8.113847126000000571e+03
1.575112800000000000e+12 7.686979999999999563e+03 7.717149999999999636e+03 7.623380000000000109e+03 7.674899999999999636e+03 4.792782358999999815e+03
1.575120000000000000e+12 7.674890000000000327e+03 7.690979999999999563e+03 7.510000000000000000e+03 7.543500000000000000e+03 7.128619126999999935e+03
1.575127200000000000e+12 7.544579999999999927e+03 7.613199999999999818e+03 7.493000000000000000e+03 7.568380000000000109e+03 4.440829977000000326e+03
1.575134400000000000e+12 7.568840000000000146e+03 7.570000000000000000e+03 7.441000000000000000e+03 7.506220000000000255e+03 4.952080229000000145e+03
1.575141600000000000e+12 7.506039999999999964e+03 7.529479999999999563e+03 7.472739999999999782e+03 7.518819999999999709e+03 2.313298826999999619e+03
1.575148800000000000e+12 7.519619999999999891e+03 7.561949999999999818e+03 7.511640000000000327e+03 7.539090000000000146e+03 2.653877046999999948e+03
1.575156000000000000e+12 7.538409999999999854e+03 7.559000000000000000e+03 7.408000000000000000e+03 7.432460000000000036e+03 4.247951441000000159e+03
1.575163200000000000e+12 7.432149999999999636e+03 7.437300000000000182e+03 7.253000000000000000e+03 7.269359999999999673e+03 1.131220452999999907e+04
1.575170400000000000e+12 7.269329999999999927e+03 7.347000000000000000e+03 7.228989999999999782e+03 7.322859999999999673e+03 6.432217192000000068e+03
1.575177600000000000e+12 7.322840000000000146e+03 7.344340000000000146e+03 7.245000000000000000e+03 7.317069999999999709e+03 3.409722973000000366e+03
1.575184800000000000e+12 7.316479999999999563e+03 7.324600000000000364e+03 7.251779999999999745e+03 7.289060000000000400e+03 3.011157516999999643e+03
1.575192000000000000e+12 7.289050000000000182e+03 7.390000000000000000e+03 7.210000000000000000e+03 7.365699999999999818e+03 6.395127320999999938e+03
1.575199200000000000e+12 7.362430000000000291e+03 7.418420000000000073e+03 7.310000000000000000e+03 7.403939999999999600e+03 3.908302400000000034e+03
1.575206400000000000e+12 7.403939999999999600e+03 7.477289999999999964e+03 7.333329999999999927e+03 7.347350000000000364e+03 6.837526191999999355e+03
1.575213600000000000e+12 7.346800000000000182e+03 7.364539999999999964e+03 7.267520000000000437e+03 7.311750000000000000e+03 5.122235644000000320e+03
1.575220800000000000e+12 7.309909999999999854e+03 7.332590000000000146e+03 7.280000000000000000e+03 7.297899999999999636e+03 2.244661019999999553e+03
1.575228000000000000e+12 7.297989999999999782e+03 7.383000000000000000e+03 7.282399999999999636e+03 7.346159999999999854e+03 3.915989469000000099e+03
1.575235200000000000e+12 7.349729999999999563e+03 7.425000000000000000e+03 7.329890000000000327e+03 7.421250000000000000e+03 3.456380642999999964e+03
1.575242400000000000e+12 7.420010000000000218e+03 7.436810000000000400e+03 7.347210000000000036e+03 7.359550000000000182e+03 3.221044758000000002e+03
1.575249600000000000e+12 7.359010000000000218e+03 7.420560000000000400e+03 7.352670000000000073e+03 7.381939999999999600e+03 2.032655473000000256e+03
1.575256800000000000e+12 7.381949999999999818e+03 7.383010000000000218e+03 7.314260000000000218e+03 7.320409999999999854e+03 3.402677439999999933e+03
1.575264000000000000e+12 7.321529999999999745e+03 7.330000000000000000e+03 7.151100000000000364e+03 7.224010000000000218e+03 7.836297041000000718e+03
1.575271200000000000e+12 7.224010000000000218e+03 7.257109999999999673e+03 7.181010000000000218e+03 7.254960000000000036e+03 4.038377690999999686e+03
1.575278400000000000e+12 7.254970000000000255e+03 7.369000000000000000e+03 7.254970000000000255e+03 7.311220000000000255e+03 6.432111624000000120e+03
1.575285600000000000e+12 7.311060000000000400e+03 7.330000000000000000e+03 7.236560000000000400e+03 7.297069999999999709e+03 3.689034931000000597e+03
1.575292800000000000e+12 7.296939999999999600e+03 7.358000000000000000e+03 7.246310000000000400e+03 7.313199999999999818e+03 5.998107021999999233e+03
1.575300000000000000e+12 7.312680000000000291e+03 7.331579999999999927e+03 7.257220000000000255e+03 7.272630000000000109e+03 3.850945230999999694e+03
1.575307200000000000e+12 7.272449999999999818e+03 7.300000000000000000e+03 7.260350000000000364e+03 7.275289999999999964e+03 2.030993797000000086e+03
1.575314400000000000e+12 7.275210000000000036e+03 7.318000000000000000e+03 7.270000000000000000e+03 7.301090000000000146e+03 2.159272147000000132e+03
1.575321600000000000e+12 7.301090000000000146e+03 7.350000000000000000e+03 7.296140000000000327e+03 7.307899999999999636e+03 2.245306340999999975e+03
1.575328800000000000e+12 7.309289999999999964e+03 7.400000000000000000e+03 7.292000000000000000e+03 7.355920000000000073e+03 3.716915637999999944e+03
1.575336000000000000e+12 7.354819999999999709e+03 7.359750000000000000e+03 7.315369999999999891e+03 7.335220000000000255e+03 2.665133361000000150e+03
1.575343200000000000e+12 7.335220000000000255e+03 7.357750000000000000e+03 7.273270000000000437e+03 7.304170000000000073e+03 2.761960368000000017e+03
1.575350400000000000e+12 7.304170000000000073e+03 7.312029999999999745e+03 7.262020000000000437e+03 7.301409999999999854e+03 2.360961725000000115e+03
1.575357600000000000e+12 7.301359999999999673e+03 7.323979999999999563e+03 7.280810000000000400e+03 7.301439999999999600e+03 2.222944274000000405e+03
1.575364800000000000e+12 7.301420000000000073e+03 7.304739999999999782e+03 7.241350000000000364e+03 7.277050000000000182e+03 4.580617471999999907e+03
1.575372000000000000e+12 7.280180000000000291e+03 7.299989999999999782e+03 7.252520000000000437e+03 7.285130000000000109e+03 2.264371607000000040e+03
1.575379200000000000e+12 7.285130000000000109e+03 7.347000000000000000e+03 7.273300000000000182e+03 7.325000000000000000e+03 4.023476472000000285e+03
1.575386400000000000e+12 7.323770000000000437e+03 7.356130000000000109e+03 7.301640000000000327e+03 7.332250000000000000e+03 2.747976337999999942e+03
1.575393600000000000e+12 7.332229999999999563e+03 7.356869999999999891e+03 7.319420000000000073e+03 7.334270000000000437e+03 2.287595190999999886e+03
1.575400800000000000e+12 7.334449999999999818e+03 7.352600000000000364e+03 7.283020000000000437e+03 7.295010000000000218e+03 2.336447364999999991e+03
1.575408000000000000e+12 7.294989999999999782e+03 7.341000000000000000e+03 7.283430000000000291e+03 7.293449999999999818e+03 1.352321654000000080e+03
1.575415200000000000e+12 7.293609999999999673e+03 7.308000000000000000e+03 7.102000000000000000e+03 7.165010000000000218e+03 8.053883555000000342e+03
1.575422400000000000e+12 7.165010000000000218e+03 7.182600000000000364e+03 7.125939999999999600e+03 7.162899999999999636e+03 6.449971735999999510e+03
1.575429600000000000e+12 7.162489999999999782e+03 7.168420000000000073e+03 7.125039999999999964e+03 7.130000000000000000e+03 2.559578653999999915e+03
1.575436800000000000e+12 7.131470000000000255e+03 7.161550000000000182e+03 7.111109999999999673e+03 7.141659999999999854e+03 2.757424938000000111e+03
1.575444000000000000e+12 7.142270000000000437e+03 7.205550000000000182e+03 7.067000000000000000e+03 7.177930000000000291e+03 5.590984118999999737e+03
1.575451200000000000e+12 7.177470000000000255e+03 7.233770000000000437e+03 7.171289999999999964e+03 7.194310000000000400e+03 4.354905146999999488e+03
1.575458400000000000e+12 7.193800000000000182e+03 7.267000000000000000e+03 7.185890000000000327e+03 7.264739999999999782e+03 3.714853307999999743e+03
1.575465600000000000e+12 7.264739999999999782e+03 7.750000000000000000e+03 7.257010000000000218e+03 7.455829999999999927e+03 2.513861981000000378e+04
1.575472800000000000e+12 7.455899999999999636e+03 7.499630000000000109e+03 7.430000000000000000e+03 7.478000000000000000e+03 5.218063450999999986e+03
1.575480000000000000e+12 7.478000000000000000e+03 7.491520000000000437e+03 7.455000000000000000e+03 7.480039999999999964e+03 3.030576164000000063e+03
1.575487200000000000e+12 7.480890000000000327e+03 7.486050000000000182e+03 7.150000000000000000e+03 7.233500000000000000e+03 9.158806271999997989e+03
1.575494400000000000e+12 7.235289999999999964e+03 7.258020000000000437e+03 7.100000000000000000e+03 7.229390000000000327e+03 6.555844809000000168e+03
1.575501600000000000e+12 7.229989999999999782e+03 7.243569999999999709e+03 7.162000000000000000e+03 7.232970000000000255e+03 3.396816050999999788e+03
1.575508800000000000e+12 7.234050000000000182e+03 7.239039999999999964e+03 7.178479999999999563e+03 7.200000000000000000e+03 3.622139430000000175e+03
1.575516000000000000e+12 7.200010000000000218e+03 7.376720000000000255e+03 7.150000000000000000e+03 7.227640000000000327e+03 6.057284191999999166e+03
1.575523200000000000e+12 7.228359999999999673e+03 7.360000000000000000e+03 7.221960000000000036e+03 7.286270000000000437e+03 7.410137238999999681e+03
1.575530400000000000e+12 7.285720000000000255e+03 7.433000000000000000e+03 7.275100000000000364e+03 7.334010000000000218e+03 5.212470357000000149e+03
1.575537600000000000e+12 7.333359999999999673e+03 7.407510000000000218e+03 7.305000000000000000e+03 7.380310000000000400e+03 5.156056274999999914e+03
1.575544800000000000e+12 7.380289999999999964e+03 7.485000000000000000e+03 7.345010000000000218e+03 7.424989999999999782e+03 6.998001533999999992e+03
1.575552000000000000e+12 7.424920000000000073e+03 7.440449999999999818e+03 7.361140000000000327e+03 7.374859999999999673e+03 5.758079771000000619e+03
1.575559200000000000e+12 7.374859999999999673e+03 7.376229999999999563e+03 7.265000000000000000e+03 7.301859999999999673e+03 5.664356837999999698e+03
1.575566400000000000e+12 7.301390000000000327e+03 7.395159999999999854e+03 7.297630000000000109e+03 7.345119999999999891e+03 2.449442833999999948e+03
0.000000000000000000e+00 0.000000000000000000e+00 0.000000000000000000e+00 0.000000000000000000e+00 0.000000000000000000e+00 0.000000000000000000e+00
